{"relSlist": [[0.0, 0.0, 0.0, 0.0, 0.0, 0.0, 0.0, 0.0, 0.0, 0.0, 0.0, 0.0], [0.0, -1.0, 0.0, -1.0, -1.0, 0.0, -0.866, -0.5, -0.5, -0.866, -0.5, -0.866], [1.0, 0.0, 1.0, 0.0, 0.0, 1.0, -0.5, 0.866, 0.866, -0.5, 0.866, -0.5], [-0.0, -0.228, 0.183, -0.578, -1.028, 0.1865, -1.3992, -1.0725, -1.5225, -1.3957, -1.8725, -1.2127], [-0.0, -0.0, 0.0, -0.0, -0.0, 0.0, -0.0, -0.0, -0.0, 0.0, -0.0, 0.0], [0.0, 0.0, -0.0, 0.0, 0.0, -0.0, 0.0, -0.0, -0.0, -0.0, -0.0, -0.0]], "relBlist": [[0.0, 0.0, 0.0, 0.0, 0.0, 0.0, 0.0, 0.0, 0.0, 0.0, 0.0, 0.0], [-0.866, -0.5, -0.866, -0.5, -0.5, -0.866, 0.0, -1.0, -1.0, 0.0, -1.0, 0.0], [-0.5, 0.866, -0.5, 0.866, 0.866, -0.5, 1.0, 0.0, 0.0, 1.0, 0.0, 1.0], [-1.2126, -1.8724, -1.3956, -1.5224, -1.0724, -1.3991, 0.1866, -1.0279, -0.5779, 0.1831, -0.2279, 0.0001], [0.0, 0.0, 0.0, 0.0, 0.0, 0.0, 0.0, 0.0, 0.0, 0.0, 0.0, 0.0], [0.0, 0.0, 0.0, 0.0, 0.0, 0.0, 0.0, 0.0, 0.0, 0.0, 0.0, 0.0]], "relM": [[-1.0, -0.0, 0.0, 0.0], [-0.0, 0.5, -0.866, -1.2127], [-0.0, -0.866, -0.5, -2.1005], [0.0, 0.0, 0.0, 1.0]], "baseSlist": [[0.0, 0.0, 0.0, 0.0, 0.0, 0.0], [0.0, -1.0, -1.0, 0.0, -1.0, 0.0], [1.0, 0.0, 0.0, 1.0, 0.0, 1.0], [0.0, 0.2995, 0.7495, -0.0035, 1.0995, -0.1865], [-0.0, -0.0, -0.0, -0.0, -0.0, -0.0], [-0.0, -0.0, -0.0, 0.0, -0.0, 0.0]], "baseBlist": [[0.0, 0.0, 0.0, 0.0, 0.0, 0.0], [0.0, -1.0, -1.0, 0.0, -1.0, 0.0], [1.0, 0.0, 0.0, 1.0, 0.0, 1.0], [0.1865, -1.028, -0.578, 0.183, -0.228, 0.0], [0.0, 0.0, 0.0, 0.0, 0.0, 0.0], [0.0, 0.0, 0.0, 0.0, 0.0, 0.0]], "baseM": [[1.0, 0.0, 0.0, 0.0], [-0.0, 1.0, 0.0, -0.1865], [0.0, -0.0, 1.0, 1.3275], [0.0, 0.0, 0.0, 1.0]], "Tbr": [[1.0, 0.0, 0.0, 0.0], [0.0, 0.5, 0.866, 0.1563], [0.0, -0.866, 0.5, 0.3772], [0.0, 0.0, 0.0, 1.0]], "Tbl": [[1.0, 0.0, 0.0, 0.0], [0.0, 0.5, 0.866, 0.1563], [0.0, -0.866, 0.5, 0.3772], [0.0, 0.0, 0.0, 1.0]]}